PassengerId,Survived
892,0.07355895901918696
893,0.4566444465054521
894,0.05265536728619913
895,0.1234037563271182
896,0.6092838598090523
897,0.20948913780533873
898,0.6179655432507821
899,0.23438541544640334
900,0.6970855259969967
901,0.07118606766751467
902,0.1014611934948233
903,0.324491486592823
904,0.9633950075742703
905,0.0032730031562255846
906,0.7969637647976956
907,0.7763443892177808
908,0.2319544080652367
909,0.16243555723625924
910,0.5890340701735526
911,0.5186487512317597
912,0.22863607142262077
913,0.22570159598373118
914,0.9452405864771288
915,0.4883016396223585
916,0.8218609653066926
917,-0.07528542786257897
918,0.9966854892300439
919,0.15247417552783582
920,0.3591145112643198
921,0.008901693683375234
922,0.08907151690938941
923,0.21408872301430337
924,0.5250747733961136
925,0.5441602645756957
926,0.3931143446065941
927,0.17886103356486238
928,0.616167124294128
929,0.6776507295296463
930,0.13674906729667313
931,0.11942821225045996
932,0.031224660371776514
933,0.4284470679232312
934,0.030407586308486945
935,0.7798730833248356
936,0.8068091071841108
937,0.13612594509604192
938,0.33229721485184804
939,0.10121644546030195
940,0.7653375754855422
941,0.552224613682575
942,0.43351041485979414
943,0.28562745356759023
944,0.7375393793555755
945,0.8709588531837562
946,0.2641947623133678
947,0.03339544852576393
948,0.0699923056240741
949,0.13596168432874367
950,0.05547257601222344
951,0.9932045791747761
952,0.18889079123197172
953,0.2519713629681568
954,0.18221953566508198
955,0.6705608557660977
956,0.5037860809617238
957,0.780941072248612
958,0.6970293577896975
959,0.3237100024239994
960,0.4242432776922971
961,0.7281014916079381
962,0.6573209234153641
963,0.16240772619224986
964,0.624342790165515
965,0.4404296504460149
966,0.9807697202467714
967,0.482498866790832
968,0.10117904229768859
969,0.6817630771097228
970,0.2649107309611862
971,0.6572746100763426
972,0.20091910673218027
973,0.2095716439322548
974,0.3043062809215211
975,0.101085540856094
976,0.26222469634433954
977,0.054720143705447644
978,0.6374669046014743
979,0.6969849611428222
980,0.6157877074055484
981,0.3902856344028224
982,0.6239238933632327
983,0.10099934375071684
984,0.8963115792543634
985,0.1010915615462038
986,0.46280328888833133
987,0.13582048787141976
988,0.6115385396124344
989,0.10943189706744483
990,0.6836421391570875
991,0.08304174066156422
992,0.8208105165309885
993,0.24065830024738522
994,0.10093341949961543
995,0.12916495204000222
996,0.6470033446229924
997,0.12143967505179365
998,0.16219966158583032
999,0.10090768986682574
1000,0.10126132771037799
1001,0.3407272792996948
1002,0.192835893963609
1003,0.6156802357555857
1004,0.9069371345502643
1005,0.6932620626710628
1006,0.7506105331375488
1007,0.13564604501185862
1008,0.10037212593219969
1009,0.7490860982149505
1010,0.4083624743013865
1011,0.7421346885796719
1012,0.8994210127800322
1013,0.05203581694513115
1014,0.874410673194137
1015,0.11565310334680912
1016,0.10082020911534073
1017,0.6919152639468998
1018,0.15548080903381156
1019,0.5237651729276387
1020,0.1853740550905365
1021,0.14234689752189067
1022,0.0894888319001641
1023,0.27855957656898767
1024,0.5642393897748593
1025,0.05148481523083159
1026,0.016738003657386535
1027,0.14224303509273795
1028,0.12548680968543624
1029,0.29103358114185207
1030,0.663689444078887
1031,-0.08461743706396319
1032,0.4910848067409167
1033,0.9712910696957553
1034,0.22058550653408537
1035,0.2826353863199389
1036,0.3504385575054071
1037,-0.04667224641832757
1038,0.437342292835594
1039,0.15546750076763982
1040,0.42789645378153185
1041,0.20610994695192408
1042,0.9973355506430548
1043,0.10073561785015395
1044,-0.08863316707456992
1045,0.5503039914625046
1046,-0.0005719721879196005
1047,0.14202672225210633
1048,1.0238191428764647
1049,0.6635186846044808
1050,0.350366514533596
1051,0.6169325913682311
1052,0.6154109755619889
1053,0.19389567171909117
1054,0.8058735590913031
1055,0.10033994621066444
1056,0.1917954166963467
1057,0.5856586792520782
1058,0.3196117502352641
1059,0.06504134340329948
1060,0.943012210353892
1061,0.6704766809696692
1062,0.10050894402196442
1063,0.12200339477496058
1064,0.10211306748946414
1065,0.10037392407766577
1066,-0.07609851664559741
1067,0.8590218589000986
1068,0.8541079307272932
1069,0.23295927067104882
1070,0.7057860029856157
1071,0.7118336014001443
1072,0.2643858464522766
1073,0.3411013425692089
1074,0.9846810269856088
1075,0.10051659944842228
1076,0.9832024525007622
1077,0.1994122542761938
1078,0.8270973454175705
1079,0.090695078615036
1080,0.21894818103945957
1081,0.19827338349429446
1082,0.19395400805045626
1083,0.4274701596423347
1084,0.16372837450025202
1085,0.0592715900551839
1086,0.38796519076403513
1087,0.08247474484219719
1088,0.5992857966887787
1089,0.6963163995728461
1090,0.3096076186111161
1091,0.6153516359125938
1092,0.6181002719098676
1093,0.27175900006464526
1094,0.34322310401645606
1095,0.8659598410136305
1096,0.29636351312797626
1097,0.42730183215330864
1098,0.5839483128226277
1099,0.3029546903101987
1100,0.9247874279662827
1101,0.13527112847967038
1102,0.09447289291562577
1103,0.10011157985381103
1104,0.37265929399970343
1105,0.5368459076644478
1106,0.3399342919139231
1107,0.35601875633876023
1108,0.6151771897028577
1109,0.23924160587303112
1110,0.8176481485091124
1111,0.1004431747999035
1112,0.7304823663065458
1113,0.1616933171642485
1114,0.8308729762697435
1115,0.1615882691195878
1116,0.7924702842548316
1117,0.5889138596843906
1118,0.1483596014161217
1119,0.615072423613995
1120,0.03545627854918898
1121,0.2244940062795613
1122,0.3892180321596236
1123,1.0035120210288055
1124,0.11225753476456024
1125,0.10030746401725099
1126,0.33767032946498643
1127,0.16815490228452834
1128,0.17397330001215283
1129,0.1679100683554089
1130,0.7948676733039154
1131,0.806066813084918
1132,0.7792772291547153
1133,0.6571289176633898
1134,0.30707277453827586
1135,0.10025909867924754
1136,0.028292229137849123
1137,0.3171611511360144
1138,0.8346634787971899
1139,0.12874922193710692
1140,0.7414708640536978
1141,0.5686584566840676
1142,0.8986636465881126
1143,0.16809895903458694
1144,0.441271488489438
1145,0.14218407463586513
1146,0.08608793494593803
1147,0.10007154026453957
1148,0.10014094680969299
1149,0.11526175907489011
1150,0.8514394736957356
1151,0.16139526230644408
1152,0.013775592221714206
1153,0.16141449323212576
1154,0.7601173560861186
1155,0.7466511371926021
1156,0.2638557385022886
1157,0.10014898222254898
1158,0.41739239382803583
1159,0.10000978914584446
1160,0.6149732693326863
1161,0.18810108948166726
1162,0.3415141438456193
1163,0.10006375791132394
1164,0.9625574298542969
1165,0.5689247893212548
1166,0.09985261989340843
1167,0.800791458693698
1168,0.2761731615301166
1169,0.15386662266853923
1170,0.21806381456816215
1171,0.3157974135218191
1172,0.6631870394522752
1173,0.23402124516702494
1174,0.6147893976533084
1175,0.6948368836893523
1176,0.7429294413023064
1177,0.06196654354925468
1178,0.09980018783367695
1179,0.4405910178748196
1180,0.09978214252350304
1181,0.1000829599408477
1182,0.43203028098945917
1183,0.6162457739878385
1184,0.09976155881727111
1185,0.23433456833826027
1186,0.06275894551698413
1187,0.12822196383379159
1188,0.9030534099784371
1189,0.0075225853658476005
1190,0.435989311052872
1191,0.10836602832775566
1192,0.08851151473671193
1193,0.2627248870115033
1194,0.16637264384101447
1195,0.14167982324542505
1196,0.6146761872690337
1197,0.6557654452171123
1198,0.39771675394539496
1199,0.28050927839284046
1200,0.22538373706569925
1201,0.47092243772272213
1202,0.18128349153089562
1203,0.15431603986632947
1204,0.09978754150970115
1205,0.5701844687571362
1206,0.8191221486070919
1207,0.7023002510105536
1208,0.24637500212495622
1209,0.3354217131983057
1210,0.12148148564694705
1211,0.22581992608940915
1212,0.1280482859769294
1213,0.1344463013169679
1214,0.29008158472863355
1215,0.4089769713086008
1216,0.9529962048764373
1217,0.14757214851987466
1218,0.7949465129107633
1219,0.34269633127568855
1220,0.2262769449949411
1221,0.32307863805220816
1222,0.6393672312342974
1223,0.37047031555421206
1224,0.09955415615304775
1225,0.6286982905961026
1226,0.12141465773613591
1227,0.42853004577838805
1228,0.2503698519854458
1229,0.0129083491555122
1230,0.30350196849888655
1231,0.09951970026904822
1232,0.3419099718493692
1233,0.08822754487803097
1234,-0.0563982544803443
1235,0.9250896200585705
1236,0.03892291730797193
1237,0.7087214370712439
1238,0.2899580824912429
1239,0.5632087576559344
1240,0.3033474017411971
1241,0.7746739137046577
1242,0.843580141470347
1243,0.29560706192395947
1244,0.365332249319696
1245,0.07959072170676795
1246,0.7403129542435052
1247,0.29629482800930806
1248,0.6635104191461583
1249,0.09966936912406665
1250,0.09961606230078335
1251,0.5703017773155962
1252,-0.1925157317928421
1253,0.7635428967731602
1254,0.7746070166594046
1255,0.12155122276626029
1256,0.9383710612338219
1257,0.45826563414294486
1258,0.05327566666833716
1259,0.6809109109778275
1260,0.8420120095484322
1261,0.2703398232270706
1262,0.2735086815756156
1263,0.9769651382978435
1264,0.2931221408972655
1265,0.17090007316004963
1266,0.7420933782592928
1267,0.932118931725403
1268,0.5716999855648426
1269,0.32227249003959324
1270,0.27208969349433687
1271,0.05112311403171277
1272,0.09950285191650865
1273,0.12777322629465693
1274,0.6167909509177668
1275,0.6430560589562682
1276,0.261488582579241
1277,0.7593736710384372
1278,0.14092188474789769
1279,0.08494203568358971
1280,0.160722118721506
1281,0.10390226186650486
1282,0.49965478375349726
1283,0.7947987162951051
1284,0.18925097632240795
1285,0.15004540384681264
1286,-0.0477214876492662
1287,0.9861570049028037
1288,0.14067472524407632
1289,0.7806237975420874
1290,0.1540733635529945
1291,0.09459313877902042
1292,0.9947420841031189
1293,0.16457794590636743
1294,0.9937891921690718
1295,0.5219314030426264
1296,0.294130601857961
1297,0.3296156701299553
1298,0.2597374359371818
1299,0.30189332345554043
1300,0.6141301262461383
1301,0.7332799278374644
1302,0.6141307190538923
1303,0.8717318565585286
1304,0.6291438757439287
1305,0.09944486504766337
1306,0.9143482273816526
1307,0.04478103569198266
1308,0.09942942726798965
1309,0.0414765431114823
